000000176346
000000176331
000000175727
000000175750
000000175657
000000175620
000000176236
000000176241
000000175979
000000175874
000000175803
000000175997
000000176408
000000176142
000000176135
000000176038
000000176148
000000176032
000000176045
000000175890
000000175904
000000175973
000000175809
000000176402
000000175618
000000175762
000000175715
000000175681
000000176279
000000176303
000000176297
000000176374
000000176273
000000176390
000000176204
000000176309
000000175786
000000175612
000000175665
000000175768
000000176107
000000176093
000000176170
000000175831
000000175846
000000175588
000000175941
000000175936
000000175582
000000176099
000000176077
000000176194
000000176000
000000176328
000000176225
000000176252
000000175749
000000175644
000000175633
000000175734
000000175743
000000175639
000000176355
000000176322
000000176258
000000175883
000000175917
000000175960
000000176411
000000176021
000000176056
000000176151
000000176126
000000175867
000000175810
000000175984
000000175889
000000175698
000000175795
000000175601
000000175676
000000176260
000000176383
000000176217
000000176310
000000176284
000000176367
000000176389
000000175771
000000175706
000000175692
000000176064
000000176187
000000176013
000000176169
000000175591
000000175828
000000175952
000000175925
000000175822
000000175855
000000175575
000000175958
000000176019
000000176114
000000176080
000000176163
000000176119
000000176014
000000176180
000000176063
000000175578
000000175922
000000175955
000000175596
000000175858
000000175928
000000175852
000000175825
000000176164
000000176087
000000176113
000000176069
000000175671
000000175606
000000175792
000000176210
000000176384
000000176267
000000176289
000000176360
000000176283
000000176317
000000175798
000000175695
000000175701
000000175776
000000175967
000000175910
000000175884
000000175989
000000176416
000000176051
000000176026
000000176121
000000176156
000000175983
000000175817
000000175860
000000176255
000000176222
000000176358
000000175634
000000175643
000000175739
000000175649
000000175744
000000175733
000000176228
000000176325
000000176352
000000176199
000000176177
000000176094
000000176100
000000175841
000000175836
000000175585
000000175931
000000175946
000000176007
000000176193
000000176070
000000175686
000000175712
000000175765
000000175668
000000176373
000000176290
000000176304
000000176209
000000176379
000000176203
000000176397
000000176274
000000175718
000000175662
000000175615
000000175781
000000175990
000000175804
000000175873
000000175909
000000176048
000000176132
000000176145
000000176042
000000176035
000000176138
000000175879
000000175974
000000175903
000000175897
000000176405
000000176336
000000176341
000000175757
000000175720
000000175627
000000175650
000000176246
000000176231
000000176401
000000175970
000000175893
000000175907
000000176046
000000176031
000000176136
000000176141
000000175899
000000175800
000000175994
000000175877
000000176242
000000176235
000000176338
000000175623
000000175654
000000175759
000000175629
000000175753
000000175724
000000176248
000000176332
000000176345
000000176179
000000176197
000000176003
000000176074
000000175935
000000175942
000000175838
000000175581
000000175948
000000175845
000000175832
000000176173
000000176104
000000176090
000000176009
000000175666
000000175785
000000175611
000000175688
000000176393
000000176207
000000176270
000000176399
000000176377
000000176300
000000176294
000000175716
000000175682
000000175761
000000176418
000000175813
000000175987
000000175864
000000175969
000000176028
000000176125
000000176152
000000176055
000000176022
000000176158
000000176412
000000175819
000000175963
000000175880
000000175914
000000176321
000000176356
000000175740
000000175737
000000175630
000000175647
000000176251
000000176226
000000176160
000000176117
000000176083
000000175598
000000175856
000000175821
000000175576
000000175592
000000175926
000000175951
000000176184
000000176010
000000176067
000000176089
000000175705
000000175691
000000175772
000000175608
000000176364
000000176313
000000176287
000000176269
000000176319
000000176380
000000176214
000000176263
000000175778
000000175675
000000175796
000000175602
000000175678
000000175775
000000175696
000000175702
000000176219
000000176280
000000176314
000000176363
000000176264
000000176213
000000176387
000000176369
000000175605
000000175791
000000175672
000000175708
000000176084
000000176110
000000176167
000000176189
000000175826
000000175851
000000175956
000000175921
000000175595
000000176060
000000176017
000000176183
000000176351
000000176326
000000175730
000000175747
000000175640
000000175637
000000176221
000000176256
000000175919
000000175863
000000175980
000000175814
000000176155
000000176122
000000176058
000000176128
000000176025
000000176052
000000176415
000000175913
000000175887
000000175964
000000175869
000000175616
000000175782
000000176346
000000176299
000000176277
000000176200
000000176394
000000176293
000000176307
000000176370
000000175766
000000175685
000000175711
000000175788
000000176073
000000176004
000000176190
000000176109
000000175848
000000175586
000000175945
000000175932
000000175835
000000175842
000000175938
000000176079
000000176097
000000176103
000000176174
000000176348
000000176232
000000176245
000000175729
000000175653
000000175624
000000175723
000000175754
000000175659
000000176342
000000176335
000000176238
000000176406
000000175999
000000175900
000000175894
000000175977
000000176036
000000176041
000000176146
000000176131
000000175870
000000175993
000000175807
000000176071
000000176006
000000176192
000000175584
000000175947
000000175930
000000175837
000000175840
000000176198
000000176095
000000176101
000000176176
000000175719
000000175614
000000175780
000000175663
000000176378
000000176275
000000176202
000000176396
000000176291
000000176305
000000176372
000000176208
000000175764
000000175687
000000175713
000000175669
000000175878
000000175902
000000175896
000000175975
000000176404
000000176034
000000176043
000000176139
000000176049
000000176144
000000176133
000000175872
000000175991
000000175805
000000175908
000000176230
000000176247
000000175651
000000175626
000000175721
000000175756
000000176340
000000176337
000000176086
000000176112
000000176165
000000176068
000000175929
000000175824
000000175853
000000175954
000000175579
000000175923
000000175859
000000175597
000000176118
000000176062
000000176015
000000176181
000000175799
000000175777
000000175694
000000175700
000000176282
000000176316
000000176361
000000176266
000000176211
000000176385
000000176288
000000175607
000000175793
000000175670
000000175861
000000175982
000000175816
000000176157
000000176120
000000176027
000000176050
000000175911
000000175885
000000175966
000000175988
000000176417
000000176229
000000176353
000000176324
000000175648
000000175732
000000175745
000000175642
000000175635
000000175738
000000176223
000000176254
000000176359
000000176323
000000176354
000000176259
000000175742
000000175735
000000175638
000000175748
000000175632
000000175645
000000176329
000000176253
000000176224
000000175811
000000175985
000000175866
000000175888
000000176127
000000176150
000000176057
000000176020
000000175961
000000175882
000000175916
000000176410
000000175707
000000175693
000000175770
000000176366
000000176311
000000176285
000000176388
000000176382
000000176216
000000176261
000000175699
000000175677
000000175794
000000175600
000000176018
000000176162
000000176115
000000176081
000000175854
000000175823
000000175959
000000175574
000000175829
000000175590
000000175924
000000175953
000000176186
000000176012
000000176065
000000176168
000000176240
000000176237
000000175621
000000175656
000000175751
000000175726
000000176330
000000176347
000000175972
000000175891
000000175905
000000175808
000000176403
000000176149
000000176044
000000176033
000000176134
000000176143
000000176039
000000175978
000000175802
000000175996
000000175875
000000176409
000000175664
000000175787
000000175613
000000175769
000000176391
000000176205
000000176272
000000176308
000000176278
000000176375
000000176302
000000176296
000000175619
000000175714
000000175680
000000175763
000000176098
000000176195
000000176001
000000176076
000000175937
000000175940
000000175583
000000175589
000000175847
000000175830
000000176171
000000176106
000000176092
000000175684
000000175710
000000175767
000000175789
000000176371
000000176292
000000176306
000000176298
000000176201
000000176395
000000176276
000000175660
000000175617
000000175783
000000176078
000000176175
000000176096
000000176102
000000175843
000000175834
000000175939
000000175587
000000175849
000000175933
000000176005
000000176191
000000176072
000000176108
000000176334
000000176343
000000176239
000000175755
000000175722
000000175658
000000175728
000000175625
000000175652
000000176349
000000176244
000000176233
000000175992
000000175806
000000176130
000000176147
000000176040
000000176037
000000176407
000000175998
000000175976
000000175901
000000175895
000000175673
000000175604
000000175790
000000175709
000000176212
000000176386
000000176265
000000176368
000000176218
000000176362
000000176281
000000176315
000000175679
000000175697
000000175703
000000175774
000000176016
000000176182
000000176061
000000175920
000000175957
000000175594
000000175850
000000175827
000000176166
000000176085
000000176111
000000176188
000000176257
000000176220
000000175636
000000175641
000000175746
000000175731
000000176327
000000176350
000000175965
000000175912
000000175886
000000175868
000000176129
000000176053
000000176024
000000176123
000000176154
000000176059
000000175918
000000175981
000000175815
000000175862
000000176413
000000175818
000000175881
000000175915
000000175962
000000176023
000000176054
000000176159
000000176029
000000176153
000000176124
000000175865
000000175812
000000175986
000000175968
000000176227
000000176250
000000175646
000000175631
000000175736
000000175741
000000176357
000000176320
000000176066
000000176185
000000176011
000000176088
000000175593
000000175950
000000175927
000000175820
000000175857
000000175599
000000175577
000000176116
000000176082
000000176161
000000175779
000000175797
000000175603
000000175674
000000176318
000000176262
000000176381
000000176215
000000176312
000000176286
000000176365
000000176268
000000175773
000000175704
000000175690
000000175609
000000175898
000000175876
000000175801
000000175995
000000176140
000000176137
000000176030
000000176047
000000176400
000000175892
000000175906
000000175971
000000176249
000000176344
000000176333
000000175628
000000175725
000000175752
000000175655
000000175622
000000175758
000000176234
000000176243
000000176339
000000176105
000000176091
000000176172
000000176008
000000175949
000000175833
000000175844
000000175943
000000175934
000000175580
000000175839
000000176178
000000176075
000000176196
000000176002
000000175760
000000175717
000000175683
000000176398
000000176301
000000176295
000000176376
000000176271
000000176392
000000176206
000000175784
000000175610
000000175667
000000175689
